41
0 0 0 0
6 5 3 18
12 9 6 36
18 12 8 54
24 14 9 72
30 15 10 90
36 14 9 108
42 12 8 126
48 9 6 144
54 5 3 162
60 0 0 180
66 -5 -3 198
72 -9 -6 216
78 -12 -8 234
84 -14 -9 252
90 -15 -10 270
96 -14 -9 288
102 -12 -8 306
108 -9 -6 324
114 -5 -3 342
120 0 0 360
114 5 3 342
108 9 6 324
102 12 8 306
96 14 9 288
90 15 10 270
84 14 9 252
78 12 8 234
72 9 6 216
66 5 3 198
60 0 0 180
54 -5 -3 162
48 -9 -6 144
42 -12 -8 126
36 -14 -9 108
30 -15 -10 90
24 -14 -9 72
18 -12 -8 54
12 -9 -6 36
6 -5 -3 18
0 0 0 0